Grapevine cultivar	Berry Number_2011	Berry Number_2012	Berry Number_2013	Berry Number_2015	Berry Number_2016	Berry Number_2017	Flower Number_2015	Flower Number_2016	Flower Number_2017	Fruitset_2015	Fruitset_2016	Fruitset_2017	Millerandage Index_2015	Millerandage Index_2016	Millerandage Index_2017	Coulure Index_2015	Coulure Index_2016	Coulure Index_2017	Seed Number_2011	Seed Number_2012	Seed Number_2013
ESP217_VIVC277_5001	126.9	86.5	106	104.6	195.5	138.4	263.16	176.5	177.8	0.47	1.14	0.81	3.12	1.09	2.18	4.22	-2.44	0.05	1.61	2.24	1.71
ESP217_VIVC15689_5002	92.6	83.1	68.7	108.6	135	74	202.1	226.4	139.8	0.55	0.6	0.53	0.75	0.45	1.14	4.19	3.75	4.03	2.41	2.76	2.01
ESP217_VIVC247_5003	NA	75.5	NA	49.6	NA	81.78	281.25	NA	264.8	0.21	NA	0.32	1.45	NA	1.63	7.94	NA	6.45	NA	1.67	NA
ESP217_VIVC262_5005	87.8	72.2	132.5	112.4	137.3	120	693.39	628	592	0.18	0.24	0.21	4.73	2.33	1.94	6.92	7.15	7.48	1.88	2.77	2.41
ESP217_VIVC349_5006	42.5	41	43.9	62.6	82	51.56	342.56	478.4	325.3	0.2	0.2	0.15	4.15	3.56	3.31	6.88	7.34	7.74	2.01	2.63	3.52
ESP217_VIVC304_5008	137.3	99.4	90.9	184.2	203	144.2	449.08	459	414.7	0.41	0.45	0.35	0	0.16	0.1	5.9	5.51	6.49	2.33	1.85	1.83
ESP217_VIVC312_5009	127.3	102.4	80.5	109.8	167.7	101.6	190.79	211.2	162.3	0.58	0.81	0.64	0.94	0.26	0.31	3.65	1.85	3.54	2.21	2.38	1.21
ESP217_VIVC761_5015	111.2	87.9	151.7	176.6	170	164.6	378.77	581.33	415.9	0.56	0.62	0.54	2.11	5.32	2.66	4.09	3.76	4.6	2.09	1.93	1.85
ESP217_VIVC792_5016	81.1	93.3	NA	58.6	71.57	102.2	109.36	200	202.43	0.56	0.36	0.46	0.39	0.38	0.12	4.42	6.28	5.43	1.81	2.23	NA
ESP217_VIVC5648_5021	259.5	NA	206.2	246	293.11	192.6	699.41	858.7	568.5	0.36	0.31	0.34	3.3	1.75	0.46	4.75	6.28	6.45	2.2	NA	1.73
ESP217_VIVC974_5022	133.8	120.4	104.7	158.6	177.7	138.78	231.83	286.1	219.89	0.8	0.68	0.74	1.55	1.12	1.54	1.91	3.01	2.54	1.92	1.91	1.98
ESP217_VIVC1493_5027	159.8	168.3	NA	193.6	454	263.6	381.74	750.1	489.9	0.62	0.66	0.7	2.05	1.09	2.37	3.62	3.21	2.95	2.35	1.99	NA
ESP217_VIVC12633_5028	139	76.3	108.7	199.75	184	144.5	497.09	802.2	655.2	0.37	0.24	0.23	1.9	0.81	1.24	6.03	7.5	7.48	1.46	2.09	1.69
ESP217_VIVC1650_5029	121.6	75.8	196.1	162	247.44	146	426.21	406.22	250	0.26	0.61	0.59	2.99	1.24	1.34	6.75	3.04	3.26	1.55	2	1.65
ESP217_VIVC1927_5030	134.4	NA	95.9	162.2	162.7	135	344.22	461.6	351.7	0.47	0.35	0.39	1.37	1.77	1.49	4.54	5.72	5.49	2.05	NA	1.65
ESP217_VIVC1929_5031	126.3	156.8	154.8	146.6	106.8	146.4	449.97	715.2	461	0.33	0.15	0.32	2.65	1.83	0.89	5.57	8.17	6.51	1.74	1.94	1.85
ESP217_VIVC1564_5032	72.3	64.9	81.8	79.2	86.5	69	223.36	247.75	171.4	0.38	0.42	0.45	2.71	2.05	2.11	5.14	5.61	4.89	2.21	2.19	1.93
ESP217_VIVC22710_5034	141.3	104.5	141.9	131.6	205.5	169.6	501.96	607.2	649.5	0.28	0.35	0.29	3.52	0.95	1.66	5.95	6.26	6.87	2.35	2.68	2.94
ESP217_VIVC12865_5035	NA	138.1	97.4	94.8	95.3	110.1	521.21	572.5	588.1	0.19	0.18	0.19	3.45	1.62	1.3	7.22	8.01	7.85	NA	2.85	2.14
ESP217_VIVC2008_5036	99.7	68.4	69.1	63.2	69	70.6	432.55	620.6	509.2	0.23	0.17	0.19	4.56	3.65	3.55	7.31	8.25	7.85	1.75	2.63	2.29
ESP217_VIVC2091_5037	NA	37.8	NA	45.8	NA	NA	341.68	NA	377.7	0.18	NA	NA	3.64	NA	NA	7.89	NA	NA	NA	1.67	NA
ESP217_VIVC2115_5038	171.44	145.8	125	275.75	316.67	265.8	431.25	826.4	773.3	0.52	0.4	0.35	1.34	1.13	0.56	4.1	5.69	6.36	2.07	1.69	1.76
ESP217_VIVC2384_5043	133.4	88.9	102.9	168.2	172	164.9	623.1	885.7	795.3	0.32	0.24	0.22	1.49	2	0.69	6.83	7.57	7.77	1.83	2.04	2.22
ESP217_VIVC2455_5045	111.2	81.3	128	83.6	140.67	104.8	162.87	202.89	144.6	0.57	0.76	0.75	1.8	1.27	0.98	3.74	2.06	1.96	1.55	1.66	1.11
ESP217_VIVC2742_5049	NA	139.3	115.4	NA	356.5	169.25	NA	298.71	177.13	NA	1.02	0.96	NA	0.03	0.17	NA	-0.26	0.28	NA	2.89	2.28
ESP217_VIVC2672_5050	89.4	68.4	105.3	134.25	209.6	108.1	218.01	532.7	349.1	0.58	0.43	0.35	1.86	1.55	1.5	3.95	5.34	6.36	1.9	1.91	1.55
ESP217_VIVC2695_5051	140.7	149.45	173.8	143.4	228.2	215.6	796.51	911.5	666.5	0.18	0.26	0.33	1.7	0.57	0.47	7.83	7.34	6.6	1.66	1.8	1.92
ESP217__5054	116.4	76.4	104.6	125.4	153.56	177.2	242.12	527.2	375.2	0.61	0.32	0.5	1.79	1.39	0.93	3.69	6.71	4.79	1.23	2.36	1.71
ESP217_VIVC122_5056	106.9	167.3	70.9	129.75	149.75	108.4	307.71	785.3	651.6	0.37	0.22	0.18	2.37	1.78	0.88	5.58	7.64	8.18	1.63	2.6	1.79
ESP217_VIVC3509_5057	237.9	169	NA	94.2	NA	NA	763.25	NA	NA	0.14	NA	NA	1.11	NA	NA	8.61	NA	NA	0	0	NA
ESP217_VIVC13075_5058	95.1	129.4	114.7	127.5	165	117.11	291.9	630.22	545.89	0.36	0.31	0.25	0.36	2.3	2.33	6.38	6.6	7.2	1.88	2.55	1.68
ESP217_VIVC4985_5059	100.1	79.3	61.33	121.75	180.38	107.4	832.82	972.88	853.1	0.13	0.2	0.14	1.86	1.78	1.28	8.56	7.75	8.56	2.52	3.26	3.41
ESP217_VIVC5517_5060	93.3	56.75	61.6	NA	87.44	75.2	NA	360.67	422.5	NA	0.27	0.19	NA	1.13	1.06	NA	7.27	8.01	2.67	2.83	2.03
ESP217_VIVC12949_5061	66.9	89.8	NA	114.6	166	81.67	283.42	596	327.44	0.41	0.25	0.25	4.39	1.63	2.3	2.79	7.01	6.76	2.47	2.45	NA
ESP217_VIVC9290_5063	NA	210	212.3	178.6	278.2	253.7	521.34	346.6	502.4	0.37	0.82	0.53	1.28	0.24	0.5	6.07	1.78	4.69	NA	2.9	2.05
ESP217_VIVC2520_5064	118.1	94.1	95.5	111.6	161.43	121.38	417.72	894.7	713.5	0.28	0.15	0.22	0.49	1.84	2.34	7.19	8.45	7.78	1.45	1.31	1.37
ESP217_VIVC4169_5068	162.6	95.3	178.3	145	230.5	181.5	264.27	402.2	395.1	0.64	0.61	0.56	1.41	0.61	1.88	3.61	3.9	4.34	3.09	2.36	1.9
ESP217_VIVC4183_5070	113.7	64.4	122.8	186.2	206.22	182.2	224.6	389.1	312.2	0.84	0.53	0.59	0.47	1.28	0.95	1.3	3.94	3.55	2.3	2	1.69
ESP217_VIVC4192_5072	179.2	137	162.8	206.2	255.89	187.6	529.07	864	902.7	0.42	0.31	0.21	2.65	1.76	2.31	4.7	6.4	7.3	1.74	2.02	1.97
ESP217_VIVC17353_5073	NA	85.7	114.1	160	200.78	146.4	270.47	487.78	381.2	0.65	0.53	0.44	2.33	2.93	1.45	2.29	4.18	5.51	NA	1.49	1.32
ESP217_VIVC2771_5074	201.4	121.8	171.2	123.6	166.44	106.3	307.85	446.22	284.7	0.42	0.39	0.42	1.38	1.03	1.64	5.34	5.84	5.53	1.81	1.56	1.74
ESP217_VIVC4377_5076	NA	70.3	60.2	72.8	110.5	81.7	199.08	164	182.2	0.45	0.79	0.56	3.22	3.25	2.41	4.61	0.02	4.09	NA	1.59	1.26
ESP217_VIVC4419_5077	264.9	161.3	137.5	103.2	274.33	163.1	447.98	1061.44	837	0.28	0.27	0.2	2.73	0.78	0.54	6.83	7.2	7.94	1.25	1.75	1.27
ESP217_VIVC4470_5082	164.2	94.6	113.2	157.6	137.8	109.1	523.92	342.8	571.7	0.33	0.46	0.27	4.19	2.83	4.82	4.82	4.39	6.32	1.61	2.48	1.93
ESP217_VIVC17636_5083	NA	79.2	52.4	57.2	146.2	104.2	85.35	148.11	140.1	0.7	1.04	0.78	2.03	1.05	2.5	1.59	-1.13	0.08	NA	2.11	1.37
ESP217_VIVC2742_5084	146.1	152.9	210.56	182.8	436.7	334.2	284.73	402.7	370.7	0.64	1.09	0.9	0.11	0.04	0.02	3.51	-0.88	0.96	2.97	3.27	2.55
ESP217_VIVC4164_5087	98.6	79.7	63.6	102.6	145	117.67	264.41	256.2	241.22	0.39	0.57	0.49	0.72	0.05	0.15	5.82	4.31	5.05	1.97	2.54	2.09
ESP217_VIVC5582_5092	69.4	61.3	NA	NA	78.4	59.67	NA	302.4	225.1	NA	0.3	0.27	NA	1.99	0.99	NA	6.76	7.14	2.14	2.85	NA
ESP217_VIVC5627_5093	153.3	121.9	251.8	147.8	203.33	51.4	613.14	469.33	372	0.24	0.43	0.12	0.12	0.01	0.19	7.56	5.66	8.81	1.89	2.87	2.14
ESP217_VIVC255_5094	255.2	209.1	182.2	247.2	407.7	356.6	566.73	1041.6	868.1	0.44	0.4	0.42	1.23	0.92	0.5	5.02	5.69	5.68	2.01	2.07	2.24
ESP217_VIVC12353_5095	108.9	108.1	107.7	138.5	135.2	128.5	546.64	652.2	529.3	0.24	0.23	0.26	1.85	1.21	0.76	7.51	7.64	7.37	2.74	2.41	2.75
ESP217_VIVC6912_5098	201.4	165.3	285.88	165.25	253.5	213.4	156.13	371.9	263.4	0.85	0.69	0.81	0.36	0.26	0.11	1.21	3	1.81	3.15	3.8	2.21
ESP217_VIVC2889_5099	186.7	159.8	80.1	112	162	122.1	389.14	476.3	294.2	0.38	0.4	0.43	4.01	2.12	1.23	5.19	5.68	5.27	1.79	2.37	1.75
ESP217_VIVC157_5100	153.3	191.1	164.9	199	301.9	179.8	469.92	1233.3	686.75	0.43	0.27	0.25	2.05	1	0.8	4.67	7.28	7.32	2.29	2.46	2.42
ESP217_VIVC24858_5104	87.5	108.7	82.63	94.5	164.5	120.8	446.15	804.2	445.78	0.21	0.23	0.31	2.19	1.37	1.58	7.83	7.63	6.86	1.35	1.39	1.35
ESP217_VIVC8934_5106	183.2	105.1	224.1	185.2	204.4	216.25	389.33	254.3	423	0.48	0.81	0.5	0.24	0.13	0.59	5.12	1.86	4.71	2.23	1.79	1.79
ESP217_VIVC7518_5107	101.8	69.8	71.2	100.4	132.88	96	163.51	232.88	179.5	0.62	0.58	0.54	2.89	2.59	0.15	1.36	2.3	4.57	1.43	1.59	1.19
ESP217_VIVC12668_5108	120.5	NA	119.25	112.2	143.5	176.2	191.83	291.75	323.8	0.65	0.54	0.57	2.21	2.37	1.46	2.49	3.56	3.63	1.97	NA	2.06
ESP217_VIVC7623_5110	111.1	97.7	141.9	135.6	213.3	130.9	255.69	299.3	308.6	0.54	0.72	0.43	0.86	1.03	2.25	4.2	2.05	4.53	1.78	2.41	1.58
ESP217_VIVC7657_5111	159.6	125	111.8	188.6	168	141.9	386.52	404.3	304.6	0.49	0.42	0.47	1.93	1.07	0.89	3.95	5.35	4.89	1.64	2.12	1.47
ESP217_VIVC3525_5113	118.7	149	NA	NA	60.6	62.67	NA	561.9	587.8	NA	0.13	0.13	NA	2.51	3.49	NA	8.56	8.44	1.71	2.02	NA
ESP217_VIVC6860_5114	165.5	83	155.7	261.4	302.9	224.44	1016.11	1255.9	1167.11	0.27	0.24	0.2	0.6	0.24	0.39	7.26	7.53	8	2.49	2.78	2.63
ESP217_VIVC7915_5116	124	152.7	237.1	340.2	284.5	154.3	422.71	652.9	385	0.81	0.44	0.4	0.7	0.68	1.11	1.35	5.33	5.49	2.25	2.44	1.89
ESP217_VIVC7376_5117	157	NA	NA	276	275	207.9	788.7	820.8	852.2	0.35	0.34	0.25	0.79	0.27	0.08	6.2	6.56	7.54	2.38	NA	NA
ESP217_VIVC7996_5119	NA	111	103.2	121.5	147	161.5	164.79	318.7	226.6	0.59	0.47	0.71	0.93	1.07	1.41	3.49	4.84	1.71	NA	2.81	3.2
ESP217_VIVC8226_5120	69.2	76.5	101.3	116.25	147	117.11	353.66	492.56	425.22	0.31	0.34	0.3	1.84	1.36	0.87	6.78	6.55	6.98	1.28	2.06	1.81
ESP217_VIVC544_5125	97.9	69.6	98.7	87.2	144.88	87.1	605.54	628.25	531.5	0.15	0.24	0.17	0.62	0.42	0.4	8.46	7.59	8.29	1.66	1.95	1.63
ESP217_VIVC8193_5129	124.3	NA	NA	153	211.9	136.7	151.89	272.6	207.2	1.01	0.95	0.7	0	1.84	1.58	-0.07	0.47	2.17	2.39	NA	NA
ESP217_VIVC8243_5130	100.3	70	66.5	71.25	86.43	79.9	147.25	336.29	199.1	0.39	0.26	0.4	0.1	0.52	0.97	6.09	7.29	5.55	2.4	1.79	1.98
ESP217_VIVC8345_5131	170	79.9	NA	94.2	NA	NA	743.14	NA	NA	0.13	NA	NA	0.58	NA	NA	8.65	NA	NA	1.6	1.31	NA
ESP217_VIVC14943_5132	155.3	NA	134.4	128.4	255.75	243.38	264.28	282.8	520.4	0.5	0.74	0.55	1.79	0.57	1.46	4.08	2.33	3.78	2.23	NA	2.06
ESP217__5133	66.9	65.5	42.7	92.25	83.6	55.6	218.23	325.7	250.1	0.34	0.26	0.22	2.03	0.95	1.42	5.76	7.16	7.41	1.67	2.2	1.45
ESP217_VIVC7901_5134	85.9	116.9	124	160.4	165	142	537.77	600.89	642	0.33	0.3	0.26	1.86	1.89	2.9	6.34	6.61	6.88	2.16	1.86	2.32
ESP217_VIVC8768_5136	135	87.9	143.7	132.4	177.9	157.8	167.29	173.4	205.3	0.79	1.03	0.77	1.04	1.51	1.69	1.17	-2.09	0.75	1.84	2.11	1.41
ESP217_VIVC8888_5137	163.9	107.7	102.7	142.4	184.8	116.78	300.04	338.6	378.9	0.5	0.57	0.32	0.52	0.42	0.03	4.99	4.3	6.81	2.01	2.12	1.23
ESP217_VIVC8295_5138	117.5	82.9	125.1	100.4	226.8	109.33	748.83	1111.1	763.1	0.15	0.22	0.16	5.46	1.13	0.8	7.05	7.7	8.37	2.81	3.07	2.32
ESP217_VIVC8938_5141	236	171.9	171.1	319.25	403.5	307	355.52	758.8	855.5	0.75	0.6	0.44	0.65	1.82	2.02	2.32	3.5	5.5	1.45	1.82	1.69
ESP217_VIVC4935_5142	133.5	181.6	150.5	222.8	276.6	322.6	467.74	524	569.5	0.48	0.54	0.57	0.11	0.29	0.16	5.19	4.56	4.24	2.45	2.11	1.71
ESP217_VIVC9080_5143	166.6	103.7	198.8	376.8	365	321	545.75	696.6	761	0.69	0.54	0.43	0	0.34	0.49	3.1	4.58	5.69	1.95	2.25	2.02
ESP217_VIVC2324_5144	181.3	110.1	117	138.2	220.6	177.9	331.44	329.3	364.9	0.56	0.73	0.51	4.87	3.06	1.41	1.87	0.35	4.32	1.88	1.56	1.47
ESP217_VIVC13375_5147	163.8	115.1	145.6	208.4	262.3	247.3	966.71	1010.7	973.5	0.23	0.27	0.27	1.83	0.84	1.03	7.36	7.17	7.17	2.32	2.57	2.15
ESP217_VIVC1619_5148	91.8	75.8	125.6	174	233.22	244.4	331.41	424.44	520.9	0.53	0.55	0.47	0.24	0.31	0.18	4.62	4.33	5.22	1.63	1.75	1.83
ESP217_VIVC16448_5149	73.2	56.2	NA	20.75	67.22	70.5	210.48	463.67	448.9	0.12	0.18	0.22	4.32	2.44	3.42	8.61	8.08	7.61	1.25	1.54	NA
ESP217_VIVC9279_5152	118.8	104.3	139.5	171.5	131.6	131.8	264.77	213.9	243.2	0.52	0.62	0.54	0.04	0.02	0.08	4.8	3.83	4.54	2.16	2.38	1.85
ESP217_VIVC9542_5155	122	NA	202.5	261	300.89	301	407.65	579.2	1025.8	0.66	0.51	0.32	0.46	0.81	0.85	3.29	4.91	6.79	1.38	NA	1.59
ESP217_VIVC22978_5156	158.6	112.7	186	174.2	277.22	268.88	487.18	589.56	842	0.36	0.47	0.34	0.69	0.5	0.11	6.16	5.05	6.56	1.77	2.04	1.73
ESP217_VIVC9543_5157	241.3	137.2	128.8	NA	408	316.22	NA	1217.56	1166.7	NA	0.37	0.31	NA	0.93	0.69	NA	6.31	6.92	2.27	2.11	2.23
ESP217_VIVC3286_5158	97.2	96.3	94.3	191.6	NA	65.89	690.17	NA	379	0.28	NA	0.17	1.07	NA	0.25	6.89	NA	8.24	2.09	2.02	1.55
ESP217_VIVC9848_5159	80.8	55.5	108.7	96.67	181.71	133.9	310.28	736.57	536.3	0.24	0.26	0.25	2.2	0.49	0.16	7.6	7.41	7.46	1.62	2.47	2
ESP217_VIVC10077_5165	106.5	67.5	55.3	93.4	100.11	113.9	206.96	254.6	242	0.56	0.37	0.55	3.06	1.59	1.93	3.5	5.79	4.17	2.55	2.43	2.34
ESP217_VIVC10308_5167	NA	110.4	130.3	154.2	182.75	158.3	437.45	502.63	321.3	0.4	0.39	0.51	1.47	0.85	0.59	5.87	6.03	4.77	NA	1.83	1.66
ESP217_VIVC10313_5168	87.1	85.3	94.71	116.4	133.43	85.67	816.56	832.29	1015.2	0.14	0.16	0.09	4.64	0.72	0.33	7.34	8.27	9.13	2.21	2.03	2.08
ESP217_VIVC10314_5169	272	154.9	276.33	295.4	312.1	258.5	1149.09	1114.1	1288.7	0.26	0.32	0.21	0.02	1.29	10	7.42	6.78	7.87	0	0	0
ESP217_VIVC10680_5172	162.5	74.6	84.7	NA	200.25	168.2	NA	511.38	290.3	NA	0.42	0.6	NA	1.63	0.81	NA	5.32	3.7	2.51	2.25	1.58
ESP217_VIVC10790_5173	109.5	NA	87.1	70.4	150.1	99.3	176.67	251.8	175.8	0.48	0.61	0.58	2.2	0.79	0.9	4.89	3.53	3.79	1.17	NA	1.22
ESP217_VIVC11480_5174	138.5	132.2	76.8	131.2	155.33	170.8	255.33	427.78	336.7	0.59	0.47	0.57	1.37	2.68	1.51	4.05	5.04	4.02	2.05	2.55	1.83
ESP217_VIVC13100_5177	95.3	72.3	93.1	118.6	150.56	136.9	201.6	197	163.2	0.6	0.81	0.85	0.72	1.56	0.51	3.66	0.95	1.16	2.74	3.2	2.25
ESP217_VIVC213_5179	173.8	128.1	116.5	140.6	239.6	177.1	398.99	381.2	532.1	0.44	0.71	0.37	2.46	1.27	1.13	5.33	2.8	6.25	2.37	2.57	1.98
ESP217_VIVC12072_5180	204.6	107.6	NA	175.4	342.75	137.3	634.89	886	584.1	0.31	0.41	0.26	1.11	0.88	1.41	6.89	5.76	7.26	2.53	2.43	NA
ESP217_VIVC11805_5181	86.5	103.1	67.88	93.6	91.78	80.6	168.9	140.56	133.2	0.56	0.66	0.61	0.79	0.21	0.76	3.98	3.33	3.45	1.89	1.88	2.15
ESP217_VIVC11748_5182	154.5	138.5	103.8	85.8	184.8	138.2	164.54	234.6	200.8	0.54	0.8	0.69	1.17	1.74	1.24	4.09	0.47	2.15	2.35	2.5	2.21
ESP217_VIVC12350_5183	NA	126.8	NA	261.2	217	280.78	538.64	351	413.9	0.49	0.54	0.67	1.44	1.47	0.56	4.33	3.99	3.05	NA	2.69	NA
ESP217_VIVC25057_5184	151.9	96.5	NA	146.4	278.67	137.3	416.22	471	320.4	0.38	0.6	0.43	3.85	2.06	3.09	4.28	2.55	3.8	1.29	1.59	NA
ESP217_VIVC4935_5190	NA	210.2	NA	264.75	431.5	232.22	277.52	729.88	463.78	0.76	0.6	0.51	0.1	0.26	0.29	2.29	3.93	4.84	NA	2.57	NA
ESP217_VIVC9183_5194	128.3	103.2	178.7	113.2	192.5	157.11	430.96	625.11	573.5	0.26	0.32	0.27	0.07	0.61	0.29	7.35	6.75	7.29	2.22	2.8	2.15
ESP217_VIVC12629_5198	166.3	142.6	104.5	117.25	327.2	182.7	294.02	444.1	338.3	0.35	0.76	0.57	1.97	0.96	0.73	6.03	1.85	4.18	1.29	1.92	1.77
ESP217_VIVC10823_5202	114.8	NA	88.1	205.8	209.9	187.67	210.15	367.6	299.9	0.64	0.59	0.64	0.48	0.42	0.52	3.6	4.04	3.48	2.39	NA	1.72
ESP217_VIVC12628_5203	NA	148.1	115.7	83.2	182.4	81.2	463.58	856.44	442.7	0.3	0.24	0.31	4.11	0.92	4.15	6.95	7.57	6.86	NA	1.45	1.17
ESP217_VIVC12861_5205	139.6	85.2	111.2	204.8	235	165.6	443.84	446.56	321.6	0.49	0.55	0.53	0.9	0.77	0.43	4.93	4.3	4.62	1.84	2.19	1.27
ESP217_VIVC12865_5207	192.6	155.3	93.4	119.6	174.75	171.88	809.77	914.25	840.75	0.18	0.21	0.21	4.63	3.12	1.09	7.25	7.22	7.71	1.99	2.07	1.99
ESP217_VIVC15678_5209	NA	101.7	111.13	176.6	236.67	165.3	430.67	335.67	388.9	0.46	0.74	0.49	2.9	1.14	2.39	4.22	2.05	4.41	NA	1.5	1.28
ESP217_VIVC12965_5211	NA	179.7	NA	154.4	307.3	254.3	391.87	562.8	454.5	0.49	0.6	0.62	2.81	0.95	1.04	4.52	3.97	3.75	NA	1.7	NA
ESP217_VIVC12989_5212	NA	62.6	64.7	49.4	117.6	72.44	256.1	449.5	279.89	0.23	0.27	0.32	2.84	0.75	2.29	7.31	7.17	6.64	NA	1.41	1.23
ESP217_VIVC13270_5218	158.4	NA	103.5	115.8	93.11	115.2	368.4	153.11	307.8	0.35	0.64	0.39	3.9	4.36	1.16	4.85	-0.78	5.77	1.96	NA	1.9
